 34
 36
 59
 63
 67
 76
 85
 86
 90
 2
 39
 24
 53
 34 36
 34 59
 34 63
 34 67
 34 76
 34 85
 34 86
 34 90
 34 39
 34 24
 34 53
 36 59
 36 85
 36 86
 36 90
 36 39
 59 85
 59 86
 59 90
 63 85
 63 86
 63 90
 67 85
 67 86
 76 85
 76 86
 85 86
 85 90
 85 2
 85 39
 85 24
 85 53
 86 90
 86 39
 86 24
 86 53
 90 39
 90 24
 90 53
 34 36 59
 34 36 85
 34 36 86
 34 36 90
 34 36 39
 34 59 85
 34 59 86
 34 59 90
 34 63 85
 34 63 86
 34 63 90
 34 67 85
 34 67 86
 34 76 85
 34 76 86
 34 85 86
 34 85 90
 34 85 39
 34 85 24
 34 85 53
 34 86 90
 34 86 39
 34 86 24
 34 86 53
 34 90 39
 34 90 24
 34 90 53
 36 59 85
 36 59 86
 36 85 86
 36 85 90
 36 85 39
 36 86 90
 36 86 39
 36 90 39
 59 85 86
 59 85 90
 59 86 90
 63 85 86
 63 85 90
 63 86 90
 67 85 86
 76 85 86
 85 86 90
 85 86 39
 85 86 24
 85 86 53
 85 90 39
 85 90 24
 85 90 53
 86 90 39
 86 90 24
 86 90 53
 34 36 59 85
 34 36 59 86
 34 36 85 86
 34 36 85 90
 34 36 85 39
 34 36 86 90
 34 36 86 39
 34 59 85 86
 34 59 85 90
 34 59 86 90
 34 63 85 86
 34 63 85 90
 34 63 86 90
 34 67 85 86
 34 76 85 86
 34 85 86 90
 34 85 86 39
 34 85 86 24
 34 85 86 53
 34 85 90 39
 34 85 90 24
 34 85 90 53
 34 86 90 39
 34 86 90 24
 34 86 90 53
 36 59 85 86
 36 85 86 90
 36 85 86 39
 36 85 90 39
 59 85 86 90
 63 85 86 90
 85 86 90 39
 85 86 90 24
 85 86 90 53
 34 36 59 85 86
 34 36 85 86 90
 34 36 85 86 39
 34 59 85 86 90
 34 63 85 86 90
 34 85 86 90 39
 34 85 86 90 24
 34 85 86 90 53
